1
2
3
12
21
61
62
63
65
66
68
71
126
130
143
152
157
163
181
189
192
213
230
252
289
298
300
309
312
318
320
339
352
354
370
379
391
411
414
416
419
440
461
462
465
466
468
487
507
508
510
513
526
530
536
549
551
558
560
563
572
574
575
576
577
583
602
606
608
609
610
616
619
620
621
628
632
640
642
663
674
676
677
678
681
682
684
686
687
689
692
693
695
699
712
720
751
752
753
754
755
757
758
762
781
818
830
832
859
880
900
901
915
916
917
918
919
920
929
930
934
936
942
943
944
945
946
947
949
950
951
953
954
955
958
959
961
962
963
964
966
967
968
969
971
972
975
976
981
982
983
984
985
988
989
990
991
992
993
999
1000
1009
1046
1054
1056
1058
1064
1065
1069
1071
1073
1076
1079
1082
1083
1086
1088
1091
1092
1093
1094
1097
1099
1100
1102
1107
1108
1109
1111
1112
1113
1130
1207
1208
1209
1210
1211
1212
1213
1214
1215
1216
1300
1306
1311
1312
1313
1314
1316
1318
1319
1402
1408
1409
1416
1417
1418
1419
1420
1421
1422
1423
1424
1425
1426
1427
1428
1429
1430
1431
1432
1506
1507
1521
1523
1525
1539
1540
1541
1542
1543
1544
1545
1546
1547
1549
1550
1551
1552
1553
1554
1555
1556
1557
1558
1559
1560
1561
1562
1563
1564
1565
1566
1567
1568
1600
1601
1608
1626
1638
1639
1641
1642
1652
1653
1654
1655
1656
1657
1659
1660
1661
1662
1663
1664
1665
1666
1667
1668
1669
1670
1671
1672
1674
1675
1676
1677
1678
1680
1681
1682
1683
1684
1685
1686
1688
1689
1690
1703
1706
1710
1714
1730
1743
1744
1745
1746
1747
1748
1749
1750
1751
1752
1753
1755
1757
1758
1759
1760
1761
1762
1763
1764
1765
1766
1767
1768
1769
1770
1771
1772
1773
1774
1775
1776
1777
1805
1807
1813
1832
1835
1837
1845
1847
1851
1852
1853
1854
1855
1856
1857
1859
1860
1861
1862
1863
1864
1865
1866
1868
1869
1870
1871
1872
1874
1875
1876
1877
1878
1879
1880
1881
1882
1883
1884
1885
1888
1889
1890
1892
1893
1894
1909
1911
1914
1935
1938
1943
1944
1947
1952
1955
1956
1957
1958
1961
1962
1963
1965
1966
1967
1968
1969
1970
1971
1972
1974
1975
2000
2001
2002
2003
2004
2005
2006
2008
2009
2012
2014
2015
2016
2017
2018
2020
2021
2023
2024
2025
2027
2036
2038
2042
2046
2048
2052
2055
2056
2057
2059
2060
2061
2062
2063
2064
2065
2068
2070
2072
2073
2076
2077
2078
2079
2121
2125
2128
2135
2137
2147
2156
2165
2171
2172
2180
2188
2189
